0.0012
0.001195
0.001187
0.001174
0.001164
0.001154
0.001146
0.001137
0.001127
0.001117
0.001105
0.001094
0.001082
0.00107
0.001059
0.001047
0.001035
0.001024
0.001012
0.001001
0.000989
0.000977
0.000965
0.000952
0.000937
0.000922
0.000906
0.00089
0.000873
0.000856
0.000839
0.000821
0.000803
0.000784
0.000765
0.000745
0.000726
0.000706
0.000686
0.000666
0.000646
0.000626
0.000605
0.000585
0.000565
0.000545
0.000525
0.000506
0.000486
0.000467
0.000448
0.000429
0.000411
0.000393
0.000375
0.000357
0.00034
0.000323
0.000307
0.00029
0.000275
0.00026
0.000245
0.00023
0.000216
0.000203
0.00019
0.000177
0.000165
0.000153
0.000142
0.000131
0.000121
0.000111
0.000102
9.26E-05
8.41E-05
7.61E-05
6.85E-05
6.13E-05
5.47E-05
4.84E-05
4.26E-05
3.71E-05
3.21E-05
2.75E-05
2.33E-05
1.95E-05
1.61E-05
1.3E-05
1.03E-05
7.91E-06
5.87E-06
4.16E-06
2.76E-06
1.65E-06
8.39E-07
3.01E-07
2.53E-08
0
0
0
0
0
0
0
0
0
0
0
0
0
0
0
0
0
0
0
0
0
0