0
0
0
0
0
0
0
0
0
0
0
0
0
0
0
0
0
0
0
0
0
0
0
0
0
0
0
0
0
0
0
0
0
0
0
0
0
0
0
0
0
0
0
0
0
0
0
0
0
0
0
0
0
0
0
0
0
0
0
0
0
0
0
0
0
0
0
0
0
0
0
0
0
0
0
0
0
0
0
0
0
0
0
0
0
0
0
0
0
0
0
0
0
0
0
0
0
0
0
0
0
0
0
0
0
0
0
0
0
0
0
0
0
0
0
0
0
0
0
0
0
0
0
0
0
0
0
0
0
0
0
0
0
0
0
0
0
0
0
0
0
0
2.08E-08
8.61E-08
1.22E-07
1.88E-07
2.51E-07
3.55E-07
4.12E-07
4.21E-07
5.27E-07
6.65E-07
8.26E-07
1.02E-06
1.15E-06
1.29E-06
1.50E-06
1.78E-06
1.90E-06
2.02E-06
2.08E-06
2.00E-06
1.86E-06
1.70E-06
1.53E-06
1.34E-06
1.19E-06
1.06E-06
9.74E-07
8.73E-07
8.02E-07
7.07E-07
6.30E-07
6.12E-07
5.40E-07
4.38E-07
3.34E-07
2.44E-07
2.26E-07
2.00E-07
1.43E-07
1.46E-07
8.91E-08
9.56E-08
1.43E-07
2.26E-07
3.11E-07
4.51E-07
7.19E-07
9.92E-07
1.31E-06
1.72E-06
2.18E-06
2.39E-06
2.52E-06
2.65E-06
2.93E-06
3.01E-06
3.17E-06
3.52E-06
4.25E-06
5.38E-06
7.07E-06
9.27E-06
1.16E-05
1.37E-05
1.53E-05
1.64E-05
1.70E-05
1.72E-05
1.72E-05
1.70E-05
1.69E-05
1.69E-05
1.67E-05
1.66E-05
1.65E-05
1.64E-05
1.62E-05
1.59E-05
1.56E-05
1.53E-05
1.48E-05
1.46E-05
1.44E-05
1.42E-05
1.40E-05
1.40E-05
1.39E-05
1.38E-05
1.37E-05
1.37E-05
1.37E-05
1.35E-05
1.34E-05
1.34E-05
1.32E-05
1.29E-05
1.27E-05
1.23E-05
1.19E-05
1.16E-05
1.13E-05
1.12E-05
1.10E-05
1.10E-05
1.10E-05
1.10E-05
1.10E-05
1.12E-05
1.16E-05
1.21E-05
1.27E-05
1.32E-05
1.38E-05
1.42E-05
1.47E-05
1.53E-05
1.61E-05
1.67E-05
1.75E-05
1.82E-05
1.89E-05
1.93E-05
1.94E-05
1.94E-05
1.90E-05
1.86E-05
1.85E-05
1.85E-05
1.83E-05
1.81E-05
1.77E-05
1.72E-05
1.69E-05
1.67E-05
1.64E-05
1.60E-05
1.57E-05
1.54E-05
1.54E-05
1.54E-05
1.53E-05
1.53E-05
1.51E-05
1.48E-05
1.48E-05
1.44E-05
1.42E-05
1.39E-05
1.37E-05
1.34E-05
1.35E-05
1.37E-05
1.38E-05
1.41E-05
1.44E-05
1.50E-05
1.59E-05
1.72E-05
1.86E-05
1.99E-05
2.11E-05
2.19E-05
2.25E-05
2.28E-05
2.31E-05
2.32E-05
2.31E-05
2.31E-05
2.32E-05
2.33E-05
2.32E-05
2.31E-05
2.32E-05
2.34E-05
2.39E-05
2.42E-05
2.48E-05
2.57E-05
2.70E-05
2.86E-05
3.05E-05
3.28E-05
3.55E-05
3.87E-05
4.19E-05
4.53E-05
4.87E-05
5.19E-05
5.49E-05
5.78E-05
6.00E-05
6.24E-05
6.47E-05
6.65E-05
6.77E-05
6.89E-05
7.07E-05
7.13E-05
7.19E-05
7.25E-05
7.25E-05
7.25E-05
7.25E-05
7.25E-05
7.19E-05
7.19E-05
7.07E-05
7.07E-05
6.95E-05
6.83E-05
6.71E-05
6.59E-05
6.53E-05
6.36E-05
6.30E-05
6.18E-05
6.06E-05
6.00E-05
5.87E-05
5.80E-05
5.75E-05
5.69E-05
5.74E-05
5.88E-05
6.06E-05
6.30E-05
6.65E-05
7.01E-05
7.42E-05
7.90E-05
8.32E-05
8.67E-05
8.97E-05
9.15E-05
9.32E-05
9.44E-05
9.74E-05
1.00E-04
1.02E-04
0.000102
0.000102
0.000102
1.02E-04
0.000102
1.02E-04
1.03E-04
1.03E-04
1.03E-04
1.03E-04
1.03E-04
1.02E-04
1.00E-04
1.00E-04
1.00E-04
9.92E-05
9.92E-05
9.86E-05
9.74E-05
9.74E-05
9.86E-05
9.92E-05
1.00E-04
1.03E-04
1.05E-04
1.09E-04
1.13E-04
1.18E-04
1.24E-04
1.29E-04
0.000134
0.000139
0.000141
0.000147
0.000151
0.000153
0.000154
0.000154
0.000153
0.00015
