0.000163
0.000156
0.000145
0.000133
0.000121
0.000112
0.000105
0.0001
9.58E-05
9.16E-05
8.88E-05
8.7E-05
8.62E-05
8.44E-05
8.22E-05
8.03E-05
7.83E-05
7.63E-05
7.37E-05
7.02E-05
6.55E-05
6.01E-05
5.44E-05
4.8E-05
4.15E-05
3.66E-05
3.41E-05
3.46E-05
3.52E-05
3.32E-05
3.03E-05
2.83E-05
2.73E-05
2.7E-05
2.67E-05
2.64E-05
2.6E-05
2.6E-05
2.68E-05
2.84E-05
3.09E-05
3.43E-05
3.73E-05
3.87E-05
3.88E-05
3.78E-05
3.71E-05
3.82E-05
4.24E-05
4.8E-05
5.26E-05
5.61E-05
6.05E-05
6.54E-05
6.82E-05
6.81E-05
6.5E-05
5.64E-05
4.4E-05
3.21E-05
2.23E-05
1.47E-05
9.21E-06
5.56E-06
3.46E-06
2.25E-06
1.44E-06
8.60E-07
4.92E-07
2.74E-07
1.48E-07
7.04E-08
2.81E-08
7.04E-09
0
0
0
0
0
0
0
0
0
0
0
0
0
0
0
0
0
0
0
0
0
0
0
0
0
0
0
0
0
0
0
0
0
0
0
0
0
0
0
0
0
0
0
0
0
0
0
