0.00E+00
0.00E+00
0.00E+00
0.00E+00
0.00E+00
0.00E+00
0.00E+00
0.00E+00
0.00E+00
0.00E+00
0.00E+00
0.00E+00
0.00E+00
0.00E+00
0.00E+00
0.00E+00
0.00E+00
0.00E+00
0.00E+00
0.00E+00
0.00E+00
0.00E+00
0.00E+00
0.00E+00
0.00E+00
0.00E+00
0.00E+00
0.00E+00
0.00E+00
0.00E+00
0.00E+00
0.00E+00
0.00E+00
0.00E+00
0.00E+00
0.00E+00
0.00E+00
0.00E+00
0.00E+00
0.00E+00
0.00E+00
0.00E+00
0.00E+00
0.00E+00
0.00E+00
0.00E+00
0.00E+00
0.00E+00
0.00E+00
0.00E+00
0.00E+00
0.00E+00
0.00E+00
0.00E+00
0.00E+00
0.00E+00
0.00E+00
0.00E+00
0.00E+00
0.00E+00
0.00E+00
0.00E+00
0.00E+00
0.00E+00
0.00E+00
0.00E+00
0.00E+00
0.00E+00
0.00E+00
0.00E+00
0.00E+00
0.00E+00
0.00E+00
0.00E+00
0.00E+00
0.00E+00
0.00E+00
0.00E+00
0.00E+00
0.00E+00
0.00E+00
0.00E+00
0.00E+00
0.00E+00
0.00E+00
0.00E+00
0.00E+00
0.00E+00
0.00E+00
0.00E+00
0.00E+00
0.00E+00
0.00E+00
0.00E+00
0.00E+00
0.00E+00
0.00E+00
0.00E+00
0.00E+00
0.00E+00
0.00E+00
0.00E+00
0.00E+00
0.00E+00
0.00E+00
0.00E+00
0.00E+00
0.00E+00
0.00E+00
0.00E+00
0.00E+00
0.00E+00
0.00E+00
0.00E+00
0.00E+00
0.00E+00
0.00E+00
0.00E+00
0.00E+00
0.00E+00
0.00E+00
0.00E+00
0.00E+00
0.00E+00
0.00E+00
0.00E+00
0.00E+00
0.00E+00
0.00E+00
0.00E+00
0.00E+00
0.00E+00
0.00E+00
0.00E+00
0.00E+00
0.00E+00
0.00E+00
0.00E+00
0.00E+00
0.00E+00
0.00E+00
0.00E+00
0.00E+00
0.00E+00
0.00E+00
0.00E+00
0.00E+00
0.00E+00
0.00E+00
0.00E+00
0.00E+00
0.00E+00
0.00E+00
0.00E+00
0.00E+00
0.00E+00
0.00E+00
0.00E+00
0.00E+00
0.00E+00
0.00E+00
0.00E+00
0.00E+00
0.00E+00
0.00E+00
0.00E+00
0.00E+00
0.00E+00
0.00E+00
0.00E+00
0.00E+00
0.00E+00
0.00E+00
0.00E+00
2.35E-06
4.53E-06
4.61E-06
2.35E-06
3.45E-06
4.46E-06
5.54E-06
5.06E-06
4.21E-06
4.11E-06
3.20E-06
1.76E-06
7.58E-07
1.85E-06
1.68E-06
2.70E-06
4.79E-06
7.15E-06
4.96E-06
1.85E-06
1.85E-06
6.80E-06
8.41E-06
1.00E-05
1.06E-05
1.22E-05
1.34E-05
1.74E-05
2.17E-05
2.55E-05
1.98E-05
3.66E-05
4.13E-05
4.74E-05
5.83E-05
7.10E-05
6.61E-05
6.37E-05
7.83E-05
7.92E-05
7.87E-05
8.46E-05
8.80E-05
1.05E-04
1.17E-04
1.27E-04
1.32E-04
1.35E-04
1.29E-04
1.32E-04
1.40E-04
1.32E-04
1.27E-04
1.37E-04
1.29E-04
1.29E-04
1.29E-04
1.20E-04
1.20E-04
1.24E-04
1.27E-04
1.35E-04
1.32E-04
1.32E-04
1.32E-04
1.27E-04
1.35E-04
1.27E-04
1.27E-04
1.22E-04
1.24E-04
1.24E-04
1.29E-04
1.27E-04
1.14E-04
1.22E-04
1.20E-04
1.22E-04
1.22E-04
1.27E-04
1.42E-04
1.47E-04
1.67E-04
1.85E-04
2.05E-04
2.23E-04
2.43E-04
2.52E-04
2.50E-04
2.62E-04
2.70E-04
2.72E-04
2.82E-04
2.72E-04
2.72E-04
2.62E-04
2.60E-04
2.60E-04
2.48E-04
2.50E-04
2.33E-04
2.20E-04
2.13E-04
2.10E-04
2.00E-04
1.92E-04
1.90E-04
1.82E-04
1.80E-04
1.80E-04
1.80E-04
1.75E-04
1.70E-04
1.67E-04
1.57E-04
1.52E-04
1.52E-04
1.50E-04
1.42E-04
1.55E-04
1.47E-04
1.45E-04
1.50E-04
1.67E-04
1.90E-04
2.18E-04
2.48E-04
3.10E-04
3.70E-04
4.34E-04
4.69E-04
0.00052
0.000559
0.000583
0.000588
0.000603
0.000622
0.000622
0.000622
0.000637
0.000617
0.000627
0.000627
0.000617
0.000603
0.000612
0.000608
0.000603
0.000603
0.000588
0.000617
0.000627
0.000651
0.00069
0.000749
0.000812
0.00086
0.000909
0.000933
0.000924
0.000899
0.00087
0.000846
0.000851
0.000841
0.000841
0.000851
0.000846
0.00086
0.000865
0.00086
0.00088
0.000894
0.000919
0.000948
0.000996
0.001021
0.00105
0.001074
0.001099
0.001118
0.001123
0.001118
0.001094
0.001089
0.001084
0.001064
0.00106
0.00103
0.001011
0.000977
0.000962
0.000943
0.000958
0.000982
0.001026
0.001084
0.001152
0.001225
0.001293
0.001376
0.001424
0.001468
0.001521
0.001565
0.001589
0.001609
0.001628
0.001619
0.001594
0.00158
0.001565
0.001546
0.001555
0.001555
0.001555
0.00157
0.001541
0.001541
0.001512
0.001483
0.001458
0.001463
0.001439
0.001424
0.001439
0.001385
0.001458
0.001458
0.001453
0.001458
0.001517
0.001507
0.001551
0.001589
0.001643
0.001755
0.001769
0.001842
0.001876
0.001881
0.001862
0.001808
0.001886
0.00192
0.001881
0.001832
