band	soil
400	0.098967
401	0.0991589
402	0.0993508
403	0.0995427
404	0.0997346
405	0.0999265
406	0.1001184
407	0.1003103
408	0.1005022
409	0.1006941
410	0.100886
411	0.1010886
412	0.1012912
413	0.1014938
414	0.1016964
415	0.101899
416	0.1021016
417	0.1023042
418	0.1025068
419	0.1027094
420	0.102912
421	0.103206
422	0.1035
423	0.103794
424	0.104088
425	0.104382
426	0.104676
427	0.10497
428	0.105264
429	0.105558
430	0.105852
431	0.1062278
432	0.1066036
433	0.1069794
434	0.1073552
435	0.107731
436	0.1081068
437	0.1084826
438	0.1088584
439	0.1092342
440	0.10961
441	0.1099479
442	0.1102858
443	0.1106237
444	0.1109616
445	0.1112995
446	0.1116374
447	0.1119753
448	0.1123132
449	0.1126511
450	0.112989
451	0.1132142
452	0.1134394
453	0.1136646
454	0.1138898
455	0.114115
456	0.1143402
457	0.1145654
458	0.1147906
459	0.1150158
460	0.115241
461	0.1153961
462	0.1155512
463	0.1157063
464	0.1158614
465	0.1160165
466	0.1161716
467	0.1163267
468	0.1164818
469	0.1166369
470	0.116792
471	0.1169435
472	0.117095
473	0.1172465
474	0.117398
475	0.1175495
476	0.117701
477	0.1178525
478	0.118004
479	0.1181555
480	0.118307
481	0.1185773
482	0.1188476
483	0.1191179
484	0.1193882
485	0.1196585
486	0.1199288
487	0.1201991
488	0.1204694
489	0.1207397
490	0.12101
491	0.1213934
492	0.1217768
493	0.1221602
494	0.1225436
495	0.122927
496	0.1233104
497	0.1236938
498	0.1240772
499	0.1244606
500	0.124844
501	0.1252885
502	0.125733
503	0.1261775
504	0.126622
505	0.1270665
506	0.127511
507	0.1279555
508	0.1284
509	0.1288445
510	0.129289
511	0.1297817
512	0.1302744
513	0.1307671
514	0.1312598
515	0.1317525
516	0.1322452
517	0.1327379
518	0.1332306
519	0.1337233
520	0.134216
521	0.1347719
522	0.1353278
523	0.1358837
524	0.1364396
525	0.1369955
526	0.1375514
527	0.1381073
528	0.1386632
529	0.1392191
530	0.139775
531	0.1404204
532	0.1410658
533	0.1417112
534	0.1423566
535	0.143002
536	0.1436474
537	0.1442928
538	0.1449382
539	0.1455836
540	0.146229
541	0.1469789
542	0.1477288
543	0.1484787
544	0.1492286
545	0.1499785
546	0.1507284
547	0.1514783
548	0.1522282
549	0.1529781
550	0.153728
551	0.1545826
552	0.1554372
553	0.1562918
554	0.1571464
555	0.158001
556	0.1588556
557	0.1597102
558	0.1605648
559	0.1614194
560	0.162274
561	0.1631839
562	0.1640938
563	0.1650037
564	0.1659136
565	0.1668235
566	0.1677334
567	0.1686433
568	0.1695532
569	0.1704631
570	0.171373
571	0.1722847
572	0.1731964
573	0.1741081
574	0.1750198
575	0.1759315
576	0.1768432
577	0.1777549
578	0.1786666
579	0.1795783
580	0.18049
581	0.181288
582	0.182086
583	0.182884
584	0.183682
585	0.18448
586	0.185278
587	0.186076
588	0.186874
589	0.187672
590	0.18847
591	0.1891788
592	0.1898876
593	0.1905964
594	0.1913052
595	0.192014
596	0.1927228
597	0.1934316
598	0.1941404
599	0.1948492
600	0.195558
601	0.1961698
602	0.1967816
603	0.1973934
604	0.1980052
605	0.198617
606	0.1992288
607	0.1998406
608	0.2004524
609	0.2010642
610	0.201676
611	0.2022345
612	0.202793
613	0.2033515
614	0.20391
615	0.2044685
616	0.205027
617	0.2055855
618	0.206144
619	0.2067025
620	0.207261
621	0.2078131
622	0.2083652
623	0.2089173
624	0.2094694
625	0.2100215
626	0.2105736
627	0.2111257
628	0.2116778
629	0.2122299
630	0.212782
631	0.2133423
632	0.2139026
633	0.2144629
634	0.2150232
635	0.2155835
636	0.2161438
637	0.2167041
638	0.2172644
639	0.2178247
640	0.218385
641	0.2189438
642	0.2195026
643	0.2200614
644	0.2206202
645	0.221179
646	0.2217378
647	0.2222966
648	0.2228554
649	0.2234142
650	0.223973
651	0.2245237
652	0.2250744
653	0.2256251
654	0.2261758
655	0.2267265
656	0.2272772
657	0.2278279
658	0.2283786
659	0.2289293
660	0.22948
661	0.2300495
662	0.230619
663	0.2311885
664	0.231758
665	0.2323275
666	0.232897
667	0.2334665
668	0.234036
669	0.2346055
670	0.235175
671	0.23575
672	0.236325
673	0.2369
674	0.237475
675	0.23805
676	0.238625
677	0.2392
678	0.239775
679	0.24035
680	0.240925
681	0.241514
682	0.242103
683	0.242692
684	0.243281
685	0.24387
686	0.244459
687	0.245048
688	0.245637
689	0.246226
690	0.246815
691	0.247411
692	0.248007
693	0.248603
694	0.249199
695	0.249795
696	0.250391
697	0.250987
698	0.251583
699	0.252179
700	0.252775
701	0.2533696
702	0.2539642
703	0.2545588
704	0.2551534
705	0.255748
706	0.2563426
707	0.2569372
708	0.2575318
709	0.2581264
710	0.258721
711	0.2593136
712	0.2599062
713	0.2604988
714	0.2610914
715	0.261684
716	0.2622766
717	0.2628692
718	0.2634618
719	0.2640544
720	0.264647
721	0.2652121
722	0.2657772
723	0.2663423
724	0.2669074
725	0.2674725
726	0.2680376
727	0.2686027
728	0.2691678
729	0.2697329
730	0.270298
731	0.270832
732	0.271366
733	0.2719
734	0.272434
735	0.272968
736	0.273502
737	0.274036
738	0.27457
739	0.275104
740	0.275638
741	0.2761372
742	0.2766364
743	0.2771356
744	0.2776348
745	0.278134
746	0.2786332
747	0.2791324
748	0.2796316
749	0.2801308
750	0.28063
751	0.2810776
752	0.2815252
753	0.2819728
754	0.2824204
755	0.282868
756	0.2833156
757	0.2837632
758	0.2842108
759	0.2846584
760	0.285106
761	0.2855159
762	0.2859258
763	0.2863357
764	0.2867456
765	0.2871555
766	0.2875654
767	0.2879753
768	0.2883852
769	0.2887951
770	0.289205
771	0.2895719
772	0.2899388
773	0.2903057
774	0.2906726
775	0.2910395
776	0.2914064
777	0.2917733
778	0.2921402
779	0.2925071
780	0.292874
781	0.2931925
782	0.293511
783	0.2938295
784	0.294148
785	0.2944665
786	0.294785
787	0.2951035
788	0.295422
789	0.2957405
790	0.296059
791	0.2963433
792	0.2966276
793	0.2969119
794	0.2971962
795	0.2974805
796	0.2977648
797	0.2980491
798	0.2983334
799	0.2986177
800	0.298902
801	0.2991574
802	0.2994128
803	0.2996682
804	0.2999236
805	0.300179
806	0.3004344
807	0.3006898
808	0.3009452
809	0.3012006
810	0.301456
811	0.3016839
812	0.3019118
813	0.3021397
814	0.3023676
815	0.3025955
816	0.3028234
817	0.3030513
818	0.3032792
819	0.3035071
820	0.303735
821	0.3039555
822	0.304176
823	0.3043965
824	0.304617
825	0.3048375
826	0.305058
827	0.3052785
828	0.305499
829	0.3057195
830	0.30594
831	0.3061618
832	0.3063836
833	0.3066054
834	0.3068272
835	0.307049
836	0.3072708
837	0.3074926
838	0.3077144
839	0.3079362
840	0.308158
841	0.3083655
842	0.308573
843	0.3087805
844	0.308988
845	0.3091955
846	0.309403
847	0.3096105
848	0.309818
849	0.3100255
850	0.310233
851	0.3104323
852	0.3106316
853	0.3108309
854	0.3110302
855	0.3112295
856	0.3114288
857	0.3116281
858	0.3118274
859	0.3120267
860	0.312226
861	0.3124348
862	0.3126436
863	0.3128524
864	0.3130612
865	0.31327
866	0.3134788
867	0.3136876
868	0.3138964
869	0.3141052
870	0.314314
871	0.3145348
872	0.3147556
873	0.3149764
874	0.3151972
875	0.315418
876	0.3156388
877	0.3158596
878	0.3160804
879	0.3163012
880	0.316522
881	0.3167501
882	0.3169782
883	0.3172063
884	0.3174344
885	0.3176625
886	0.3178906
887	0.3181187
888	0.3183468
889	0.3185749
890	0.318803
891	0.3190415
892	0.31928
893	0.3195185
894	0.319757
895	0.3199955
896	0.320234
897	0.3204725
898	0.320711
899	0.3209495
900	0.321188
901	0.3214345
902	0.321681
903	0.3219275
904	0.322174
905	0.3224205
906	0.322667
907	0.3229135
908	0.32316
909	0.3234065
910	0.323653
911	0.3239179
912	0.3241828
913	0.3244477
914	0.3247126
915	0.3249775
916	0.3252424
917	0.3255073
918	0.3257722
919	0.3260371
920	0.326302
921	0.3265777
922	0.3268534
923	0.3271291
924	0.3274048
925	0.3276805
926	0.3279562
927	0.3282319
928	0.3285076
929	0.3287833
930	0.329059
931	0.3293327
932	0.3296064
933	0.3298801
934	0.3301538
935	0.3304275
936	0.3307012
937	0.3309749
938	0.3312486
939	0.3315223
940	0.331796
941	0.3320692
942	0.3323424
943	0.3326156
944	0.3328888
945	0.333162
946	0.3334352
947	0.3337084
948	0.3339816
949	0.3342548
950	0.334528
951	0.3348075
952	0.335087
953	0.3353665
954	0.335646
955	0.3359255
956	0.336205
957	0.3364845
958	0.336764
959	0.3370435
960	0.337323
961	0.3376068
962	0.3378906
963	0.3381744
964	0.3384582
965	0.338742
966	0.3390258
967	0.3393096
968	0.3395934
969	0.3398772
970	0.340161
971	0.3404056
972	0.3406502
973	0.3408948
974	0.3411394
975	0.341384
976	0.3416286
977	0.3418732
978	0.3421178
979	0.3423624
980	0.342607
981	0.3428979
982	0.3431888
983	0.3434797
984	0.3437706
985	0.3440615
986	0.3443524
987	0.3446433
988	0.3449342
989	0.3452251
990	0.345516
991	0.3458083
992	0.3461006
993	0.3463929
994	0.3466852
995	0.3469775
996	0.3472698
997	0.3475621
998	0.3478544
999	0.3481467
1000	0.348439
1001	0.3487337
1002	0.3490284
1003	0.3493231
1004	0.3496178
1005	0.3499125
1006	0.3502072
1007	0.3505019
1008	0.3507966
1009	0.3510913
1010	0.351386
1011	0.3516789
1012	0.3519718
1013	0.3522647
1014	0.3525576
1015	0.3528505
1016	0.3531434
1017	0.3534363
1018	0.3537292
1019	0.3540221
1020	0.354315
1021	0.3546004
1022	0.3548858
1023	0.3551712
1024	0.3554566
1025	0.355742
1026	0.3560274
1027	0.3563128
1028	0.3565982
1029	0.3568836
1030	0.357169
1031	0.3574465
1032	0.357724
1033	0.3580015
1034	0.358279
1035	0.3585565
1036	0.358834
1037	0.3591115
1038	0.359389
1039	0.3596665
1040	0.359944
1041	0.360209
1042	0.360474
1043	0.360739
1044	0.361004
1045	0.361269
1046	0.361534
1047	0.361799
1048	0.362064
1049	0.362329
1050	0.362594
1051	0.3628576
1052	0.3631212
1053	0.3633848
1054	0.3636484
1055	0.363912
1056	0.3641756
1057	0.3644392
1058	0.3647028
1059	0.3649664
1060	0.36523
1061	0.3655017
1062	0.3657734
1063	0.3660451
1064	0.3663168
1065	0.3665885
1066	0.3668602
1067	0.3671319
1068	0.3674036
1069	0.3676753
1070	0.367947
1071	0.3682169
1072	0.3684868
1073	0.3687567
1074	0.3690266
1075	0.3692965
1076	0.3695664
1077	0.3698363
1078	0.3701062
1079	0.3703761
1080	0.370646
1081	0.3709199
1082	0.3711938
1083	0.3714677
1084	0.3717416
1085	0.3720155
1086	0.3722894
1087	0.3725633
1088	0.3728372
1089	0.3731111
1090	0.373385
1091	0.3736493
1092	0.3739136
1093	0.3741779
1094	0.3744422
1095	0.3747065
1096	0.3749708
1097	0.3752351
1098	0.3754994
1099	0.3757637
1100	0.376028
1101	0.3762913
1102	0.3765546
1103	0.3768179
1104	0.3770812
1105	0.3773445
1106	0.3776078
1107	0.3778711
1108	0.3781344
1109	0.3783977
1110	0.378661
1111	0.3789323
1112	0.3792036
1113	0.3794749
1114	0.3797462
1115	0.3800175
1116	0.3802888
1117	0.3805601
1118	0.3808314
1119	0.3811027
1120	0.381374
1121	0.3816444
1122	0.3819148
1123	0.3821852
1124	0.3824556
1125	0.382726
1126	0.3829964
1127	0.3832668
1128	0.3835372
1129	0.3838076
1130	0.384078
1131	0.3843315
1132	0.384585
1133	0.3848385
1134	0.385092
1135	0.3853455
1136	0.385599
1137	0.3858525
1138	0.386106
1139	0.3863595
1140	0.386613
1141	0.3868451
1142	0.3870772
1143	0.3873093
1144	0.3875414
1145	0.3877735
1146	0.3880056
1147	0.3882377
1148	0.3884698
1149	0.3887019
1150	0.388934
1151	0.3891537
1152	0.3893734
1153	0.3895931
1154	0.3898128
1155	0.3900325
1156	0.3902522
1157	0.3904719
1158	0.3906916
1159	0.3909113
1160	0.391131
1161	0.3913587
1162	0.3915864
1163	0.3918141
1164	0.3920418
1165	0.3922695
1166	0.3924972
1167	0.3927249
1168	0.3929526
1169	0.3931803
1170	0.393408
1171	0.3936341
1172	0.3938602
1173	0.3940863
1174	0.3943124
1175	0.3945385
1176	0.3947646
1177	0.3949907
1178	0.3952168
1179	0.3954429
1180	0.395669
1181	0.3958891
1182	0.3961092
1183	0.3963293
1184	0.3965494
1185	0.3967695
1186	0.3969896
1187	0.3972097
1188	0.3974298
1189	0.3976499
1190	0.39787
1191	0.3980864
1192	0.3983028
1193	0.3985192
1194	0.3987356
1195	0.398952
1196	0.3991684
1197	0.3993848
1198	0.3996012
1199	0.3998176
1200	0.400034
1201	0.4002419
1202	0.4004498
1203	0.4006577
1204	0.4008656
1205	0.4010735
1206	0.4012814
1207	0.4014893
1208	0.4016972
1209	0.4019051
1210	0.402113
1211	0.4023093
1212	0.4025056
1213	0.4027019
1214	0.4028982
1215	0.4030945
1216	0.4032908
1217	0.4034871
1218	0.4036834
1219	0.4038797
1220	0.404076
1221	0.4042513
1222	0.4044266
1223	0.4046019
1224	0.4047772
1225	0.4049525
1226	0.4051278
1227	0.4053031
1228	0.4054784
1229	0.4056537
1230	0.405829
1231	0.4059903
1232	0.4061516
1233	0.4063129
1234	0.4064742
1235	0.4066355
1236	0.4067968
1237	0.4069581
1238	0.4071194
1239	0.4072807
1240	0.407442
1241	0.4076102
1242	0.4077784
1243	0.4079466
1244	0.4081148
1245	0.408283
1246	0.4084512
1247	0.4086194
1248	0.4087876
1249	0.4089558
1250	0.409124
1251	0.4092867
1252	0.4094494
1253	0.4096121
1254	0.4097748
1255	0.4099375
1256	0.4101002
1257	0.4102629
1258	0.4104256
1259	0.4105883
1260	0.410751
1261	0.4109032
1262	0.4110554
1263	0.4112076
1264	0.4113598
1265	0.411512
1266	0.4116642
1267	0.4118164
1268	0.4119686
1269	0.4121208
1270	0.412273
1271	0.4124023
1272	0.4125316
1273	0.4126609
1274	0.4127902
1275	0.4129195
1276	0.4130488
1277	0.4131781
1278	0.4133074
1279	0.4134367
1280	0.413566
1281	0.4136608
1282	0.4137556
1283	0.4138504
1284	0.4139452
1285	0.41404
1286	0.4141348
1287	0.4142296
1288	0.4143244
1289	0.4144192
1290	0.414514
1291	0.4145896
1292	0.4146652
1293	0.4147408
1294	0.4148164
1295	0.414892
1296	0.4149676
1297	0.4150432
1298	0.4151188
1299	0.4151944
1300	0.41527
1301	0.4153404
1302	0.4154108
1303	0.4154812
1304	0.4155516
1305	0.415622
1306	0.4156924
1307	0.4157628
1308	0.4158332
1309	0.4159036
1310	0.415974
1311	0.4160522
1312	0.4161304
1313	0.4162086
1314	0.4162868
1315	0.416365
1316	0.4164432
1317	0.4165214
1318	0.4165996
1319	0.4166778
1320	0.416756
1321	0.4168219
1322	0.4168878
1323	0.4169537
1324	0.4170196
1325	0.4170855
1326	0.4171514
1327	0.4172173
1328	0.4172832
1329	0.4173491
1330	0.417415
1331	0.4174757
1332	0.4175364
1333	0.4175971
1334	0.4176578
1335	0.4177185
1336	0.4177792
1337	0.4178399
1338	0.4179006
1339	0.4179613
1340	0.418022
1341	0.4180413
1342	0.4180606
1343	0.4180799
1344	0.4180992
1345	0.4181185
1346	0.4181378
1347	0.4181571
1348	0.4181764
1349	0.4181957
1350	0.418215
1351	0.4181783
1352	0.4181416
1353	0.4181049
1354	0.4180682
1355	0.4180315
1356	0.4179948
1357	0.4179581
1358	0.4179214
1359	0.4178847
1360	0.417848
1361	0.4177237
1362	0.4175994
1363	0.4174751
1364	0.4173508
1365	0.4172265
1366	0.4171022
1367	0.4169779
1368	0.4168536
1369	0.4167293
1370	0.416605
1371	0.4161217
1372	0.4156384
1373	0.4151551
1374	0.4146718
1375	0.4141885
1376	0.4137052
1377	0.4132219
1378	0.4127386
1379	0.4122553
1380	0.411772
1381	0.4110561
1382	0.4103402
1383	0.4096243
1384	0.4089084
1385	0.4081925
1386	0.4074766
1387	0.4067607
1388	0.4060448
1389	0.4053289
1390	0.404613
1391	0.4040808
1392	0.4035486
1393	0.4030164
1394	0.4024842
1395	0.401952
1396	0.4014198
1397	0.4008876
1398	0.4003554
1399	0.3998232
1400	0.399291
1401	0.3985809
1402	0.3978708
1403	0.3971607
1404	0.3964506
1405	0.3957405
1406	0.3950304
1407	0.3943203
1408	0.3936102
1409	0.3929001
1410	0.39219
1411	0.392195
1412	0.3922
1413	0.392205
1414	0.39221
1415	0.392215
1416	0.39222
1417	0.392225
1418	0.39223
1419	0.392235
1420	0.39224
1421	0.3931129
1422	0.3939858
1423	0.3948587
1424	0.3957316
1425	0.3966045
1426	0.3974774
1427	0.3983503
1428	0.3992232
1429	0.4000961
1430	0.400969
1431	0.4013706
1432	0.4017722
1433	0.4021738
1434	0.4025754
1435	0.402977
1436	0.4033786
1437	0.4037802
1438	0.4041818
1439	0.4045834
1440	0.404985
1441	0.4052235
1442	0.405462
1443	0.4057005
1444	0.405939
1445	0.4061775
1446	0.406416
1447	0.4066545
1448	0.406893
1449	0.4071315
1450	0.40737
1451	0.407545
1452	0.40772
1453	0.407895
1454	0.40807
1455	0.408245
1456	0.40842
1457	0.408595
1458	0.40877
1459	0.408945
1460	0.40912
1461	0.4093118
1462	0.4095036
1463	0.4096954
1464	0.4098872
1465	0.410079
1466	0.4102708
1467	0.4104626
1468	0.4106544
1469	0.4108462
1470	0.411038
1471	0.4112842
1472	0.4115304
1473	0.4117766
1474	0.4120228
1475	0.412269
1476	0.4125152
1477	0.4127614
1478	0.4130076
1479	0.4132538
1480	0.4135
1481	0.4137318
1482	0.4139636
1483	0.4141954
1484	0.4144272
1485	0.414659
1486	0.4148908
1487	0.4151226
1488	0.4153544
1489	0.4155862
1490	0.415818
1491	0.4160259
1492	0.4162338
1493	0.4164417
1494	0.4166496
1495	0.4168575
1496	0.4170654
1497	0.4172733
1498	0.4174812
1499	0.4176891
1500	0.417897
1501	0.4180997
1502	0.4183024
1503	0.4185051
1504	0.4187078
1505	0.4189105
1506	0.4191132
1507	0.4193159
1508	0.4195186
1509	0.4197213
1510	0.419924
1511	0.420102
1512	0.42028
1513	0.420458
1514	0.420636
1515	0.420814
1516	0.420992
1517	0.42117
1518	0.421348
1519	0.421526
1520	0.421704
1521	0.421866
1522	0.422028
1523	0.42219
1524	0.422352
1525	0.422514
1526	0.422676
1527	0.422838
1528	0.423
1529	0.423162
1530	0.423324
1531	0.4234635
1532	0.423603
1533	0.4237425
1534	0.423882
1535	0.4240215
1536	0.424161
1537	0.4243005
1538	0.42444
1539	0.4245795
1540	0.424719
1541	0.4248382
1542	0.4249574
1543	0.4250766
1544	0.4251958
1545	0.425315
1546	0.4254342
1547	0.4255534
1548	0.4256726
1549	0.4257918
1550	0.425911
1551	0.4260301
1552	0.4261492
1553	0.4262683
1554	0.4263874
1555	0.4265065
1556	0.4266256
1557	0.4267447
1558	0.4268638
1559	0.4269829
1560	0.427102
1561	0.4272143
1562	0.4273266
1563	0.4274389
1564	0.4275512
1565	0.4276635
1566	0.4277758
1567	0.4278881
1568	0.4280004
1569	0.4281127
1570	0.428225
1571	0.4283293
1572	0.4284336
1573	0.4285379
1574	0.4286422
1575	0.4287465
1576	0.4288508
1577	0.4289551
1578	0.4290594
1579	0.4291637
1580	0.429268
1581	0.4293648
1582	0.4294616
1583	0.4295584
1584	0.4296552
1585	0.429752
1586	0.4298488
1587	0.4299456
1588	0.4300424
1589	0.4301392
1590	0.430236
1591	0.4303273
1592	0.4304186
1593	0.4305099
1594	0.4306012
1595	0.4306925
1596	0.4307838
1597	0.4308751
1598	0.4309664
1599	0.4310577
1600	0.431149
1601	0.4312311
1602	0.4313132
1603	0.4313953
1604	0.4314774
1605	0.4315595
1606	0.4316416
1607	0.4317237
1608	0.4318058
1609	0.4318879
1610	0.43197
1611	0.4320455
1612	0.432121
1613	0.4321965
1614	0.432272
1615	0.4323475
1616	0.432423
1617	0.4324985
1618	0.432574
1619	0.4326495
1620	0.432725
1621	0.4327924
1622	0.4328598
1623	0.4329272
1624	0.4329946
1625	0.433062
1626	0.4331294
1627	0.4331968
1628	0.4332642
1629	0.4333316
1630	0.433399
1631	0.4334606
1632	0.4335222
1633	0.4335838
1634	0.4336454
1635	0.433707
1636	0.4337686
1637	0.4338302
1638	0.4338918
1639	0.4339534
1640	0.434015
1641	0.4340641
1642	0.4341132
1643	0.4341623
1644	0.4342114
1645	0.4342605
1646	0.4343096
1647	0.4343587
1648	0.4344078
1649	0.4344569
1650	0.434506
1651	0.434548
1652	0.43459
1653	0.434632
1654	0.434674
1655	0.434716
1656	0.434758
1657	0.4348
1658	0.434842
1659	0.434884
1660	0.434926
1661	0.4349686
1662	0.4350112
1663	0.4350538
1664	0.4350964
1665	0.435139
1666	0.4351816
1667	0.4352242
1668	0.4352668
1669	0.4353094
1670	0.435352
1671	0.4353841
1672	0.4354162
1673	0.4354483
1674	0.4354804
1675	0.4355125
1676	0.4355446
1677	0.4355767
1678	0.4356088
1679	0.4356409
1680	0.435673
1681	0.4357009
1682	0.4357288
1683	0.4357567
1684	0.4357846
1685	0.4358125
1686	0.4358404
1687	0.4358683
1688	0.4358962
1689	0.4359241
1690	0.435952
1691	0.4359759
1692	0.4359998
1693	0.4360237
1694	0.4360476
1695	0.4360715
1696	0.4360954
1697	0.4361193
1698	0.4361432
1699	0.4361671
1700	0.436191
1701	0.4361954
1702	0.4361998
1703	0.4362042
1704	0.4362086
1705	0.436213
1706	0.4362174
1707	0.4362218
1708	0.4362262
1709	0.4362306
1710	0.436235
1711	0.4362202
1712	0.4362054
1713	0.4361906
1714	0.4361758
1715	0.436161
1716	0.4361462
1717	0.4361314
1718	0.4361166
1719	0.4361018
1720	0.436087
1721	0.4360589
1722	0.4360308
1723	0.4360027
1724	0.4359746
1725	0.4359465
1726	0.4359184
1727	0.4358903
1728	0.4358622
1729	0.4358341
1730	0.435806
1731	0.4357956
1732	0.4357852
1733	0.4357748
1734	0.4357644
1735	0.435754
1736	0.4357436
1737	0.4357332
1738	0.4357228
1739	0.4357124
1740	0.435702
1741	0.4356711
1742	0.4356402
1743	0.4356093
1744	0.4355784
1745	0.4355475
1746	0.4355166
1747	0.4354857
1748	0.4354548
1749	0.4354239
1750	0.435393
1751	0.4353515
1752	0.43531
1753	0.4352685
1754	0.435227
1755	0.4351855
1756	0.435144
1757	0.4351025
1758	0.435061
1759	0.4350195
1760	0.434978
1761	0.4349487
1762	0.4349194
1763	0.4348901
1764	0.4348608
1765	0.4348315
1766	0.4348022
1767	0.4347729
1768	0.4347436
1769	0.4347143
1770	0.434685
1771	0.4346612
1772	0.4346374
1773	0.4346136
1774	0.4345898
1775	0.434566
1776	0.4345422
1777	0.4345184
1778	0.4344946
1779	0.4344708
1780	0.434447
1781	0.4344293
1782	0.4344116
1783	0.4343939
1784	0.4343762
1785	0.4343585
1786	0.4343408
1787	0.4343231
1788	0.4343054
1789	0.4342877
1790	0.43427
1791	0.4342857
1792	0.4343014
1793	0.4343171
1794	0.4343328
1795	0.4343485
1796	0.4343642
1797	0.4343799
1798	0.4343956
1799	0.4344113
1800	0.434427
1801	0.4343253
1802	0.4342236
1803	0.4341219
1804	0.4340202
1805	0.4339185
1806	0.4338168
1807	0.4337151
1808	0.4336134
1809	0.4335117
1810	0.43341
1811	0.4334733
1812	0.4335366
1813	0.4335999
1814	0.4336632
1815	0.4337265
1816	0.4337898
1817	0.4338531
1818	0.4339164
1819	0.4339797
1820	0.434043
1821	0.4341059
1822	0.4341688
1823	0.4342317
1824	0.4342946
1825	0.4343575
1826	0.4344204
1827	0.4344833
1828	0.4345462
1829	0.4346091
1830	0.434672
1831	0.4346976
1832	0.4347232
1833	0.4347488
1834	0.4347744
1835	0.4348
1836	0.4348256
1837	0.4348512
1838	0.4348768
1839	0.4349024
1840	0.434928
1841	0.4348963
1842	0.4348646
1843	0.4348329
1844	0.4348012
1845	0.4347695
1846	0.4347378
1847	0.4347061
1848	0.4346744
1849	0.4346427
1850	0.434611
1851	0.4344305
1852	0.43425
1853	0.4340695
1854	0.433889
1855	0.4337085
1856	0.433528
1857	0.4333475
1858	0.433167
1859	0.4329865
1860	0.432806
1861	0.4322925
1862	0.431779
1863	0.4312655
1864	0.430752
1865	0.4302385
1866	0.429725
1867	0.4292115
1868	0.428698
1869	0.4281845
1870	0.427671
1871	0.426559
1872	0.425447
1873	0.424335
1874	0.423223
1875	0.422111
1876	0.420999
1877	0.419887
1878	0.418775
1879	0.417663
1880	0.416551
1881	0.4148654
1882	0.4131798
1883	0.4114942
1884	0.4098086
1885	0.408123
1886	0.4064374
1887	0.4047518
1888	0.4030662
1889	0.4013806
1890	0.399695
1891	0.3975064
1892	0.3953178
1893	0.3931292
1894	0.3909406
1895	0.388752
1896	0.3865634
1897	0.3843748
1898	0.3821862
1899	0.3799976
1900	0.377809
1901	0.3763385
1902	0.374868
1903	0.3733975
1904	0.371927
1905	0.3704565
1906	0.368986
1907	0.3675155
1908	0.366045
1909	0.3645745
1910	0.363104
1911	0.3628715
1912	0.362639
1913	0.3624065
1914	0.362174
1915	0.3619415
1916	0.361709
1917	0.3614765
1918	0.361244
1919	0.3610115
1920	0.360779
1921	0.3610628
1922	0.3613466
1923	0.3616304
1924	0.3619142
1925	0.362198
1926	0.3624818
1927	0.3627656
1928	0.3630494
1929	0.3633332
1930	0.363617
1931	0.364033
1932	0.364449
1933	0.364865
1934	0.365281
1935	0.365697
1936	0.366113
1937	0.366529
1938	0.366945
1939	0.367361
1940	0.367777
1941	0.3682322
1942	0.3686874
1943	0.3691426
1944	0.3695978
1945	0.370053
1946	0.3705082
1947	0.3709634
1948	0.3714186
1949	0.3718738
1950	0.372329
1951	0.3728069
1952	0.3732848
1953	0.3737627
1954	0.3742406
1955	0.3747185
1956	0.3751964
1957	0.3756743
1958	0.3761522
1959	0.3766301
1960	0.377108
1961	0.3776057
1962	0.3781034
1963	0.3786011
1964	0.3790988
1965	0.3795965
1966	0.3800942
1967	0.3805919
1968	0.3810896
1969	0.3815873
1970	0.382085
1971	0.3826012
1972	0.3831174
1973	0.3836336
1974	0.3841498
1975	0.384666
1976	0.3851822
1977	0.3856984
1978	0.3862146
1979	0.3867308
1980	0.387247
1981	0.3877741
1982	0.3883012
1983	0.3888283
1984	0.3893554
1985	0.3898825
1986	0.3904096
1987	0.3909367
1988	0.3914638
1989	0.3919909
1990	0.392518
1991	0.3930243
1992	0.3935306
1993	0.3940369
1994	0.3945432
1995	0.3950495
1996	0.3955558
1997	0.3960621
1998	0.3965684
1999	0.3970747
2000	0.397581
2001	0.3980412
2002	0.3985014
2003	0.3989616
2004	0.3994218
2005	0.399882
2006	0.4003422
2007	0.4008024
2008	0.4012626
2009	0.4017228
2010	0.402183
2011	0.4025825
2012	0.402982
2013	0.4033815
2014	0.403781
2015	0.4041805
2016	0.40458
2017	0.4049795
2018	0.405379
2019	0.4057785
2020	0.406178
2021	0.406507
2022	0.406836
2023	0.407165
2024	0.407494
2025	0.407823
2026	0.408152
2027	0.408481
2028	0.40881
2029	0.409139
2030	0.409468
2031	0.4097238
2032	0.4099796
2033	0.4102354
2034	0.4104912
2035	0.410747
2036	0.4110028
2037	0.4112586
2038	0.4115144
2039	0.4117702
2040	0.412026
2041	0.4122282
2042	0.4124304
2043	0.4126326
2044	0.4128348
2045	0.413037
2046	0.4132392
2047	0.4134414
2048	0.4136436
2049	0.4138458
2050	0.414048
2051	0.4142193
2052	0.4143906
2053	0.4145619
2054	0.4147332
2055	0.4149045
2056	0.4150758
2057	0.4152471
2058	0.4154184
2059	0.4155897
2060	0.415761
2061	0.4159023
2062	0.4160436
2063	0.4161849
2064	0.4163262
2065	0.4164675
2066	0.4166088
2067	0.4167501
2068	0.4168914
2069	0.4170327
2070	0.417174
2071	0.4172865
2072	0.417399
2073	0.4175115
2074	0.417624
2075	0.4177365
2076	0.417849
2077	0.4179615
2078	0.418074
2079	0.4181865
2080	0.418299
2081	0.4183907
2082	0.4184824
2083	0.4185741
2084	0.4186658
2085	0.4187575
2086	0.4188492
2087	0.4189409
2088	0.4190326
2089	0.4191243
2090	0.419216
2091	0.4192963
2092	0.4193766
2093	0.4194569
2094	0.4195372
2095	0.4196175
2096	0.4196978
2097	0.4197781
2098	0.4198584
2099	0.4199387
2100	0.420019
2101	0.4200615
2102	0.420104
2103	0.4201465
2104	0.420189
2105	0.4202315
2106	0.420274
2107	0.4203165
2108	0.420359
2109	0.4204015
2110	0.420444
2111	0.4205538
2112	0.4206636
2113	0.4207734
2114	0.4208832
2115	0.420993
2116	0.4211028
2117	0.4212126
2118	0.4213224
2119	0.4214322
2120	0.421542
2121	0.4215484
2122	0.4215548
2123	0.4215612
2124	0.4215676
2125	0.421574
2126	0.4215804
2127	0.4215868
2128	0.4215932
2129	0.4215996
2130	0.421606
2131	0.421289
2132	0.420972
2133	0.420655
2134	0.420338
2135	0.420021
2136	0.419704
2137	0.419387
2138	0.41907
2139	0.418753
2140	0.418436
2141	0.4177238
2142	0.4170116
2143	0.4162994
2144	0.4155872
2145	0.414875
2146	0.4141628
2147	0.4134506
2148	0.4127384
2149	0.4120262
2150	0.411314
2151	0.4105517
2152	0.4097894
2153	0.4090271
2154	0.4082648
2155	0.4075025
2156	0.4067402
2157	0.4059779
2158	0.4052156
2159	0.4044533
2160	0.403691
2161	0.4031339
2162	0.4025768
2163	0.4020197
2164	0.4014626
2165	0.4009055
2166	0.4003484
2167	0.3997913
2168	0.3992342
2169	0.3986771
2170	0.39812
2171	0.3976584
2172	0.3971968
2173	0.3967352
2174	0.3962736
2175	0.395812
2176	0.3953504
2177	0.3948888
2178	0.3944272
2179	0.3939656
2180	0.393504
2181	0.3929995
2182	0.392495
2183	0.3919905
2184	0.391486
2185	0.3909815
2186	0.390477
2187	0.3899725
2188	0.389468
2189	0.3889635
2190	0.388459
2191	0.3876556
2192	0.3868522
2193	0.3860488
2194	0.3852454
2195	0.384442
2196	0.3836386
2197	0.3828352
2198	0.3820318
2199	0.3812284
2200	0.380425
2201	0.3803025
2202	0.38018
2203	0.3800575
2204	0.379935
2205	0.3798125
2206	0.37969
2207	0.3795675
2208	0.379445
2209	0.3793225
2210	0.3792
2211	0.3805933
2212	0.3819866
2213	0.3833799
2214	0.3847732
2215	0.3861665
2216	0.3875598
2217	0.3889531
2218	0.3903464
2219	0.3917397
2220	0.393133
2221	0.3936094
2222	0.3940858
2223	0.3945622
2224	0.3950386
2225	0.395515
2226	0.3959914
2227	0.3964678
2228	0.3969442
2229	0.3974206
2230	0.397897
2231	0.3978711
2232	0.3978452
2233	0.3978193
2234	0.3977934
2235	0.3977675
2236	0.3977416
2237	0.3977157
2238	0.3976898
2239	0.3976639
2240	0.397638
2241	0.3975838
2242	0.3975296
2243	0.3974754
2244	0.3974212
2245	0.397367
2246	0.3973128
2247	0.3972586
2248	0.3972044
2249	0.3971502
2250	0.397096
2251	0.3970001
2252	0.3969042
2253	0.3968083
2254	0.3967124
2255	0.3966165
2256	0.3965206
2257	0.3964247
2258	0.3963288
2259	0.3962329
2260	0.396137
2261	0.3959892
2262	0.3958414
2263	0.3956936
2264	0.3955458
2265	0.395398
2266	0.3952502
2267	0.3951024
2268	0.3949546
2269	0.3948068
2270	0.394659
2271	0.3944637
2272	0.3942684
2273	0.3940731
2274	0.3938778
2275	0.3936825
2276	0.3934872
2277	0.3932919
2278	0.3930966
2279	0.3929013
2280	0.392706
2281	0.3924468
2282	0.3921876
2283	0.3919284
2284	0.3916692
2285	0.39141
2286	0.3911508
2287	0.3908916
2288	0.3906324
2289	0.3903732
2290	0.390114
2291	0.3898123
2292	0.3895106
2293	0.3892089
2294	0.3889072
2295	0.3886055
2296	0.3883038
2297	0.3880021
2298	0.3877004
2299	0.3873987
2300	0.387097
2301	0.3867808
2302	0.3864646
2303	0.3861484
2304	0.3858322
2305	0.385516
2306	0.3851998
2307	0.3848836
2308	0.3845674
2309	0.3842512
2310	0.383935
2311	0.3837969
2312	0.3836588
2313	0.3835207
2314	0.3833826
2315	0.3832445
2316	0.3831064
2317	0.3829683
2318	0.3828302
2319	0.3826921
2320	0.382554
2321	0.3824313
2322	0.3823086
2323	0.3821859
2324	0.3820632
2325	0.3819405
2326	0.3818178
2327	0.3816951
2328	0.3815724
2329	0.3814497
2330	0.381327
2331	0.3810915
2332	0.380856
2333	0.3806205
2334	0.380385
2335	0.3801495
2336	0.379914
2337	0.3796785
2338	0.379443
2339	0.3792075
2340	0.378972
2341	0.3786126
2342	0.3782532
2343	0.3778938
2344	0.3775344
2345	0.377175
2346	0.3768156
2347	0.3764562
2348	0.3760968
2349	0.3757374
2350	0.375378
2351	0.3752361
2352	0.3750942
2353	0.3749523
2354	0.3748104
2355	0.3746685
2356	0.3745266
2357	0.3743847
2358	0.3742428
2359	0.3741009
2360	0.373959
2361	0.3737903
2362	0.3736216
2363	0.3734529
2364	0.3732842
2365	0.3731155
2366	0.3729468
2367	0.3727781
2368	0.3726094
2369	0.3724407
2370	0.372272
2371	0.3719298
2372	0.3715876
2373	0.3712454
2374	0.3709032
2375	0.370561
2376	0.3702188
2377	0.3698766
2378	0.3695344
2379	0.3691922
2380	0.36885
2381	0.3686982
2382	0.3685464
2383	0.3683946
2384	0.3682428
2385	0.368091
2386	0.3679392
2387	0.3677874
2388	0.3676356
2389	0.3674838
2390	0.367332
2391	0.3673008
2392	0.3672696
2393	0.3672384
2394	0.3672072
2395	0.367176
2396	0.3671448
2397	0.3671136
2398	0.3670824
2399	0.3670512
2400	0.36702
2401	0.3668193
2402	0.3666186
2403	0.3664179
2404	0.3662172
2405	0.3660165
2406	0.3658158
2407	0.3656151
2408	0.3654144
2409	0.3652137
2410	0.365013
2411	0.3646324
2412	0.3642518
2413	0.3638712
2414	0.3634906
2415	0.36311
2416	0.3627294
2417	0.3623488
2418	0.3619682
2419	0.3615876
2420	0.361207
2421	0.3607011
2422	0.3601952
2423	0.3596893
2424	0.3591834
2425	0.3586775
2426	0.3581716
2427	0.3576657
2428	0.3571598
2429	0.3566539
2430	0.356148
2431	0.3556224
2432	0.3550968
2433	0.3545712
2434	0.3540456
2435	0.35352
2436	0.3529944
2437	0.3524688
2438	0.3519432
2439	0.3514176
2440	0.350892
2441	0.3504989
2442	0.3501058
2443	0.3497127
2444	0.3493196
2445	0.3489265
2446	0.3485334
2447	0.3481403
2448	0.3477472
2449	0.3473541
2450	0.346961
2451	0.346643
2452	0.346325
2453	0.346007
2454	0.345689
2455	0.345371
2456	0.345053
2457	0.344735
2458	0.344417
2459	0.344099
2460	0.343781
2461	0.3435079
2462	0.3432348
2463	0.3429617
2464	0.3426886
2465	0.3424155
2466	0.3421424
2467	0.3418693
2468	0.3415962
2469	0.3413231
2470	0.34105
2471	0.3408374
2472	0.3406248
2473	0.3404122
2474	0.3401996
2475	0.339987
2476	0.3397744
2477	0.3395618
2478	0.3393492
2479	0.3391366
2480	0.338924
2481	0.3388029
2482	0.3386818
2483	0.3385607
2484	0.3384396
2485	0.3383185
2486	0.3381974
2487	0.3380763
2488	0.3379552
2489	0.3378341
2490	0.337713
2491	0.337793
2492	0.337873
2493	0.337953
2494	0.338033
2495	0.338113
2496	0.338193
2497	0.338273
2498	0.338353
2499	0.338433
2500	0.338513
