0
0
0
0
0
0
0
0
0
0
0
0
0
0
0
0
0
0
0
0
0
0
0
0
0
0
0
0
0
0
0
0
0
0
0
0
0
0
0
0
0
0
0
0
0
0
0
0
0
0
0
0
0
0
0
0
0
0
0
0
0
0
0
0
0
0
0
0
0
0
0
0
0
0
0
0
0
0
0
0
2.34E-08
4.66E-08
4.66E-08
6.99E-08
6.99E-08
6.99E-08
6.99E-08
9.31E-08
9.31E-08
9.31E-08
9.31E-08
9.31E-08
9.31E-08
1.16E-07
1.16E-07
1.16E-07
1.40E-07
1.40E-07
1.40E-07
1.63E-07
1.63E-07
1.86E-07
1.86E-07
2.10E-07
2.56E-07
3.49E-07
4.42E-07
5.82E-07
7.23E-07
8.39E-07
9.31E-07
9.80E-07
1.05E-06
1.05E-06
1.07E-06
1.07E-06
1.00E-06
9.57E-07
9.31E-07
8.86E-07
8.39E-07
7.68E-07
6.99E-07
5.82E-07
4.66E-07
4.42E-07
4.42E-07
3.97E-07
3.73E-07
3.49E-07
3.49E-07
3.26E-07
3.03E-07
3.03E-07
3.03E-07
3.26E-07
3.26E-07
3.49E-07
3.73E-07
4.19E-07
4.66E-07
5.36E-07
6.29E-07
7.45E-07
8.64E-07
1.05E-06
1.23E-06
1.50E-06
1.73E-06
2.25E-06
2.70E-06
3.06E-06
3.16E-06
3.32E-06
3.36E-06
3.36E-06
3.40E-06
3.49E-06
3.54E-06
3.52E-06
3.52E-06
3.52E-06
3.45E-06
3.49E-06
3.43E-06
3.40E-06
3.36E-06
3.33E-06
3.28E-06
3.24E-06
3.22E-06
3.22E-06
3.16E-06
3.16E-06
3.19E-06
3.26E-06
3.28E-06
3.39E-06
3.49E-06
3.71E-06
3.89E-06
4.13E-06
4.42E-06
4.82E-06
5.25E-06
5.75E-06
6.32E-06
6.88E-06
7.55E-06
8.08E-06
8.59E-06
9.12E-06
9.61E-06
1.03E-05
1.13E-05
1.29E-05
1.53E-05
1.91E-05
2.46E-05
3.15E-05
3.93E-05
4.66E-05
5.36E-05
5.90E-05
6.35E-05
6.78E-05
6.99E-05
7.21E-05
7.39E-05
7.59E-05
7.42E-05
7.48E-05
7.51E-05
7.32E-05
6.99E-05
6.71E-05
6.35E-05
6.09E-05
5.79E-05
5.46E-05
5.15E-05
4.85E-05
4.57E-05
4.31E-05
4.10E-05
3.88E-05
3.63E-05
3.49E-05
3.30E-05
3.15E-05
3.00E-05
2.85E-05
2.73E-05
2.60E-05
2.49E-05
2.42E-05
2.32E-05
2.25E-05
2.17E-05
2.10E-05
2.06E-05
2.00E-05
1.95E-05
1.91E-05
1.87E-05
1.83E-05
1.81E-05
1.79E-05
1.75E-05
1.71E-05
1.70E-05
1.69E-05
1.65E-05
1.64E-05
1.63E-05
1.62E-05
1.61E-05
1.61E-05
1.61E-05
1.61E-05
1.61E-05
1.62E-05
1.63E-05
1.65E-05
1.69E-05
1.71E-05
1.76E-05
1.82E-05
1.87E-05
1.95E-05
2.00E-05
2.10E-05
2.17E-05
2.25E-05
2.32E-05
2.38E-05
2.42E-05
2.46E-05
2.47E-05
2.47E-05
2.47E-05
2.46E-05
2.46E-05
2.46E-05
2.46E-05
2.49E-05
2.49E-05
2.55E-05
2.64E-05
2.76E-05
2.94E-05
3.24E-05
3.62E-05
4.18E-05
5.08E-05
6.50E-05
8.38E-05
1.13E-04
1.47E-04
1.76E-04
0.000217
0.000259
0.000294
0.000319
0.000328
0.000333
0.000339
0.000339
0.000326
0.000328
0.000315
0.000309
0.000296
0.00029
0.000273
0.000249
0.000234
0.00022
0.000209
0.000199
0.000187
1.80E-04
1.70E-04
1.64E-04
1.56E-04
1.51E-04
1.44E-04
1.39E-04
1.34E-04
1.29E-04
1.25E-04
1.21E-04
1.16E-04
1.08E-04
9.95E-05
9.42E-05
9.02E-05
8.72E-05
8.26E-05
7.89E-05
7.65E-05
7.29E-05
7.01E-05
6.76E-05
6.50E-05
6.33E-05
6.15E-05
5.90E-05
5.76E-05
5.66E-05
5.51E-05
5.36E-05
5.28E-05
5.21E-05
5.15E-05
5.12E-05
5.02E-05
4.99E-05
4.93E-05
4.89E-05
4.87E-05
4.87E-05
4.82E-05
4.83E-05
4.78E-05
4.82E-05
4.82E-05
4.83E-05
4.87E-05
4.96E-05
4.99E-05
5.03E-05
5.08E-05
5.16E-05
5.22E-05
5.36E-05
5.49E-05
5.62E-05
5.79E-05
5.85E-05
5.98E-05
6.24E-05
6.45E-05
6.59E-05
6.89E-05
7.23E-05
7.39E-05
7.69E-05
8.08E-05
8.22E-05
8.62E-05
8.98E-05
9.59E-05
9.59E-05
9.89E-05
1.05E-04
1.20E-04
1.23E-04
1.26E-04
1.31E-04
1.31E-04
1.39E-04
1.41E-04
1.43E-04
1.46E-04
1.56E-04
1.55E-04
1.61E-04
1.64E-04
1.71E-04
1.85E-04
1.85E-04
0.000191
0.0002
0.00021
0.000217
0.000217
0.000217
0.000255
0.000262
0.000264
